pre-training...
epoch:	0	nll:	10.200813
epoch:	5	nll:	9.460708
adversarial training...
epoch:	0	nll:	9.272493
